835
830
833
827
820
831
827
824
817
825
824
820
814
817
820
819
817
809
814
823
812
813
825
821
818
819
830
819
818
822
809
809
816
807
815
810
806
817
816
816
816
813
812
815
814
816
814
804
802
812
812
816
802
809
819
812
814
813
804
816
820
803
803
816
805
804
815
807
814
812
807
803
800
817
807
815
816
806
801
813
808
807
800
803
812
815
800
814
810
810
810
801
804
812
803
801
814
811
802
800
803
812
808
811
815
817
809
806
819
806
807
809
815
810
807
817
804
804
819
812
802
800
801
801
812
802
812
807
802
798
807
798
816
809
808
810
806
815
812
810
820
811
819
816
814
801
811
801
805
803
805
815
805
813
809
816
806
803
819
815
818
817
807
808
802
814
815
812
811
809
811
809
815
814
802
809
809
805
807
798
798
810
812
801
800
800
800
799
814
811
807
815
800
803
804
807
802
810
816
815
811
807
814
802
800
805
814
812
813
816
803
799
797
810
804
803
814
809
817
802
813
817
822
819
807
815
818
817
817
822
826
819
811
819
815
808
812
820
819
817
808
824
819
814
812
821
822
806
814
814
817
803
814
816
801
800
805
815
817
809
812
815
815
800
815
814
813
816
823
814
804
803
812
814
803
814
804
817
817
816
823
806
814
819
807
803
809
804
820
815
813
803
807
815
813
812
817
816
807
803
804
815
819
819
815
804
807
816
817
805
804
808
815
816
800
800
810
814
807
803
797
815
810
810
799
812
813
806
809
807
808
812
810
808
798
807
797
817
816
813
808
811
798
812
808
815
804
800
804
803
812
812
811
805
805
814
815
803
807
820
811
814
807
811
813
817
811
812
803
804
803
807
798
803
813
806
801
805
810
814
806
810
800
809
807
804
809
801
815
813
813
801
813
820
811
817
816
804
803
819
813
820
820
818
808
812
806
817
817
818
819
821
820
819
823
819
817
811
822
821
820
826
808
823
817
808
807
805
816
806
817
812
812
815
807
816
817
819
815
812
818
812
815
811
807
814
814
809
818
818
808
815
807
805
804
816
811
816
812
803
813
808
820
807
816
820
815
810
806
806
808
818
804
803
809
813
804
806
809
822
809
815
809
813
804
801
820
815
815
801
806
825
820
816
813
815
805
820
819
815